name: Openbuild (Sheffield) LTD
address: 124 Shirebrook Road, Meersbrook, Sheffield, S8 9RG
coord: 53.3574506,-1.4715330999999878
company_number: 06897005
vat_number: 970 7467 87
year_start: 2009
